3542 
3544 
3546 
3548 
3550 
3552 
3554 
3556 
3558 
3560 
3562 
3564 
3566 
3568 
3570 
3572 
3574 
3576 
3578 
3580 
3582 
3584 
3586 
3588 
3590 
3592 
3594 
3596 
3598 
3600 
3602 
3604 
3606 
3608 
3610 
3612 
3614 
3616 
3618 
3620 
3622 
3624 
3626 
3628 
3630 
3632 
3634 
3636 
3638 
3640 
3642 
3542 
3544 
3546 
3548 
3550 
3552 
3554 
3556 
3558 
3560 
3562 
3564 
3566 
3568 
3570 
3572 
3574 
3576 
3578 
3580 
3582 
3584 
3586 
3588 
3590 
3592 
3594 
3596 
3598 
3600 
3602 
3604 
3606 
3608 
3610 
3612 
3614 
3616 
3618 
3620 
3622 
3624 
3626 
3628 
3630 
3632 
3634 
3636 
3638 
3640 
3642 
3542 
3544 
3546 
3548 
3550 
3552 
3554 
3556 
3558 
3560 
3562 
3564 
3566 
3568 
3570 
3572 
3574 
3576 
3578 
3580 
3582 
3584 
3586 
3588 
3590 
3592 
3594 
3596 
3598 
3600 
3602 
3604 
3606 
3608 
3610 
3612 
3614 
3616 
3618 
3620 
3622 
3624 
3626 
3628 
3630 
3632 
3634 
3636 
3638 
3640 
3642 
